18446744069414584320 3 64 5 grass
18446744069414584320 10 63 2 air
18446744069414584320 10 65 1 air
18446744069414584320 8 64 1 brick
18446744069414584320 8 63 1 glass
18446744069414584320 9 63 2 air
18446744069414584320 7 64 0 air
18446744069414584320 8 62 0 brick
18446744069414584320 10 64 1 brick
18446744069414584320 11 63 1 brick
18446744069414584320 9 63 1 glass
18446744069414584320 9 64 1 brick
18446744069414584320 10 63 1 glass
18446744069414584320 6 63 2 air
18446744069414584320 7 63 1 brick
18446744069414584320 9 62 0 air
18446744069414584320 10 62 0 brick
18446744069414584320 10 65 0 air
18446744069414584320 7 62 0 air
18446744069414584320 7 63 0 air
00000000017179869136 15 67 4 glass
00000000017179869136 15 66 4 glass
00000000017179869136 15 59 3 wood
00000000017179869136 14 66 2 air
00000000017179869136 15 60 3 wood
00000000017179869136 15 61 3 wood
00000000017179869136 14 66 3 glass
00000000017179869136 15 62 3 wood
00000000017179869136 15 64 3 wood
00000000017179869136 15 66 2 glass
00000000017179869136 15 65 3 wood
00000000017179869136 15 66 3 wood
00000000017179869136 15 63 3 wood
00000000017179869136 14 66 4 glass
00000000017179869136 15 67 3 glass
18446744060824649727 3 66 4 brick
18446744060824649727 11 66 6 brick
18446744060824649727 5 66 4 brick
18446744060824649727 11 66 9 brick
18446744060824649727 10 66 4 brick
18446744060824649727 11 67 5 glass
18446744060824649727 11 66 10 brick
18446744060824649727 11 66 11 brick
18446744060824649727 12 66 4 air
18446744060824649727 11 66 8 brick
18446744060824649727 6 66 4 brick
18446744060824649727 11 66 4 brick
18446744060824649727 11 66 7 brick
18446744060824649727 11 68 4 glass
18446744060824649727 7 66 4 brick
18446744060824649727 4 66 4 brick
18446744060824649727 11 67 4 glass
18446744060824649727 9 66 4 brick
18446744060824649727 11 66 5 brick
18446744060824649727 10 67 4 glass
18446744060824649727 8 66 4 brick
18446744060824649727 11 66 12 brick
00000000000000000001 13 64 3 air
00000000000000000001 13 64 5 air
00000000000000000001 13 64 6 air
00000000000000000001 9 66 6 air
00000000000000000001 13 64 7 air
00000000000000000001 9 66 7 air
00000000000000000001 15 64 7 air
00000000000000000001 9 65 6 air
00000000000000000001 13 70 8 air
00000000000000000001 15 63 7 air
00000000000000000001 13 69 8 air
00000000000000000001 1 67 8 air
00000000000000000001 13 68 8 air
00000000000000000001 3 66 4 air
00000000000000000001 9 65 7 air
00000000000000000001 14 63 11 air
00000000000000000001 15 63 8 air
00000000000000000001 4 66 3 air
00000000000000000001 3 66 3 air
00000000000000000001 13 67 8 air
00000000000000000001 9 65 8 air
00000000000000000001 14 63 9 air
00000000000000000001 13 66 8 air
00000000000000000001 13 64 4 air
00000000000000000001 2 67 8 air
00000000000000000001 0 67 8 air
00000000000000000001 2 67 9 air
00000000000000000001 13 63 11 air
00000000000000000001 0 67 9 air
00000000000000000001 15 62 13 air
00000000000000000001 0 67 10 air
00000000000000000001 15 60 9 air
00000000000000000001 5 66 3 air
00000000000000000001 11 64 5 air
00000000000000000001 14 64 7 air
00000000000000000001 13 65 8 air
00000000000000000001 15 64 8 air
00000000000000000001 12 64 6 air
00000000000000000001 10 64 3 air
00000000000000000001 8 65 3 air
00000000000000000001 14 63 6 grass
00000000000000000001 1 67 9 air
00000000000000000001 9 66 8 air
00000000000000000001 13 64 8 air
00000000000000000001 14 65 7 air
00000000000000000001 12 64 7 air
00000000000000000001 14 64 6 air
00000000000000000001 12 64 5 air
18446744030759878657 10 57 0 wooden_plank
18446744030759878657 8 58 1 wood
18446744030759878657 8 60 2 air
18446744030759878657 8 56 0 wooden_plank
18446744030759878657 7 56 0 wooden_plank
18446744030759878657 9 57 3 wooden_plank
18446744030759878657 8 62 0 obsidian
18446744030759878657 8 60 1 wood
18446744030759878657 6 57 0 wooden_plank
18446744030759878657 11 56 1 wooden_plank
18446744030759878657 7 56 2 wooden_plank
18446744030759878657 7 58 3 air
18446744030759878657 8 55 1 wooden_plank
18446744030759878657 9 55 1 wooden_plank
18446744030759878657 8 64 0 obsidian
18446744030759878657 8 64 1 wood
18446744030759878657 7 55 1 wooden_plank
18446744030759878657 8 65 0 air
18446744030759878657 8 63 1 wood
18446744030759878657 6 56 1 wooden_plank
18446744030759878657 10 56 2 wooden_plank
18446744030759878657 5 57 1 wooden_plank
18446744030759878657 7 56 1 wooden_plank
18446744030759878657 8 56 1 wooden_plank
18446744030759878657 6 57 2 wooden_plank
18446744030759878657 10 57 2 wooden_plank
18446744030759878657 8 62 1 wood
18446744030759878657 8 56 2 wooden_plank
18446744030759878657 6 57 1 wooden_plank
18446744030759878657 10 56 1 wooden_plank
18446744030759878657 8 57 1 wood
18446744030759878657 11 57 1 wooden_plank
18446744030759878657 9 56 1 wooden_plank
18446744030759878657 7 58 2 air
18446744030759878657 7 56 3 air
18446744030759878657 7 59 2 air
18446744030759878657 7 57 3 wooden_plank
18446744030759878657 9 56 0 wooden_plank
18446744030759878657 8 63 0 obsidian
18446744030759878657 8 61 1 wood
18446744030759878657 8 59 2 air
18446744030759878657 8 57 3 wooden_plank
18446744030759878657 9 56 2 wooden_plank
18446744030759878657 10 56 0 wooden_plank
18446744030759878657 8 59 1 wood
18446744030759878657 12 57 1 wooden_plank
18446744030759878657 8 61 2 air
18446744030759878656 8 64 12 obsidian
18446744030759878656 8 63 14 obsidian
18446744030759878656 8 63 15 obsidian
18446744030759878656 8 64 14 obsidian
18446744030759878656 8 64 15 obsidian
18446744030759878656 8 64 13 obsidian
18446744030759878656 9 57 15 wooden_plank
18446744030759878656 8 57 15 wooden_plank
18446744030759878656 7 57 15 wooden_plank
18446744030759878656 9 64 12 air
18446744030759878656 8 56 15 air
18446744030759878656 7 56 15 air
00000000008589934591 1 58 8 obsidian
00000000008589934591 0 58 8 glass
00000000008589934591 1 58 9 grass
00000000008589934591 0 58 9 stone
00000000004294967295 8 58 8 cobble_stone
00000000004294967295 12 58 9 wood
00000000004294967295 12 58 8 cobble_stone
00000000004294967295 8 58 9 cobble_stone
00000000004294967295 8 59 13 cobble_stone
00000000004294967295 8 59 11 cobble_stone
00000000004294967295 15 58 9 dirt
00000000004294967295 11 58 8 dirt
00000000004294967295 8 58 10 cobble_stone
00000000004294967295 14 58 9 cobble_stone
00000000004294967295 10 58 8 stone
00000000004294967295 13 58 9 wooden_plank
00000000004294967295 9 58 8 grass
00000000004294967295 14 58 8 wood
00000000004294967295 10 58 9 glass
00000000004294967295 8 59 12 cobble_stone
00000000004294967295 15 58 8 brick
00000000004294967295 11 58 9 brick
00000000004294967295 8 60 15 cobble_stone
00000000004294967295 9 58 9 obsidian
00000000004294967295 13 58 8 wooden_plank
00000000004294967295 8 60 14 cobble_stone
00000000000000000000 8 63 6 cobble_stone
00000000000000000000 8 63 7 cobble_stone
00000000000000000000 8 63 8 cobble_stone
00000000000000000000 8 63 5 cobble_stone
00000000000000000000 8 62 2 cobble_stone
00000000000000000000 8 62 3 cobble_stone
00000000000000000000 8 62 4 cobble_stone
00000000000000000000 8 61 0 cobble_stone
00000000000000000000 8 61 1 cobble_stone
18446744030759878663 6 74 3 glass
18446744030759878663 8 73 1 brick
18446744030759878663 5 75 4 air
18446744030759878663 7 74 4 glass
18446744030759878663 6 74 4 air
18446744030759878663 7 78 1 air
18446744030759878663 7 74 3 air
18446744030759878663 7 72 2 air
18446744030759878663 5 73 2 brick
18446744030759878663 5 75 3 air
18446744030759878663 6 75 3 air
18446744030759878663 6 73 2 brick
18446744030759878663 7 73 4 brick
18446744030759878663 6 73 4 brick
18446744030759878663 5 73 4 brick
18446744030759878663 8 73 4 brick
18446744030759878663 6 73 1 brick
18446744030759878663 8 74 3 glass
18446744030759878663 8 74 1 glass
18446744030759878663 6 75 2 air
18446744030759878663 6 73 3 brick
18446744030759878663 7 73 1 brick
18446744030759878663 5 73 1 brick
18446744030759878663 7 73 2 brick
18446744030759878663 7 75 3 air
18446744030759878663 7 79 1 air
18446744030759878663 6 75 4 air
18446744030759878663 6 74 2 air
18446744030759878663 8 75 1 air
18446744030759878663 8 74 4 air
18446744030759878663 7 73 3 brick
18446744030759878663 5 74 2 glass
18446744030759878663 7 77 1 air
18446744030759878663 7 75 2 air
18446744030759878663 8 75 4 air
18446744030759878663 5 73 3 brick
18446744030759878663 5 75 2 air
18446744030759878663 7 76 1 air
18446744030759878663 7 74 2 glass
18446744030759878663 7 75 4 air
18446744030759878663 5 74 4 glass
18446744030759878663 8 75 2 air
18446744030759878663 6 74 1 glass
18446744030759878663 8 73 3 brick
18446744030759878663 8 73 2 brick
18446744030759878663 8 75 3 air
18446744030759878663 5 75 1 air
18446744030759878663 7 75 1 air
18446744030759878663 5 74 1 air
18446744030759878663 6 75 1 air
00000000021474836432 0 66 3 glass
00000000004294967297 0 62 11 air
00000000004294967297 1 62 8 air
00000000004294967297 2 62 9 air
00000000004294967297 2 62 7 air
00000000004294967297 1 62 10 air
00000000004294967297 0 62 12 air
00000000004294967297 1 62 9 air
00000000004294967297 0 62 8 air
00000000004294967297 1 62 5 air
00000000004294967297 1 62 7 air
00000000004294967297 0 62 10 air
00000000004294967297 1 62 11 air
00000000004294967297 0 62 9 air
